Select action:
(f) = input matrix from file; (t) = run test suite; (0, 1) = run test from testbench
0.000062
0.000037
0.000032
0.000030
0.000033
0.000029
0.000045
0.000028
0.000026
0.000026
0.000028
0.000028
0.000026
0.000029
0.000029
0.000028
0.000032
0.000046
0.000032
0.000028
0.000027
0.000025
0.000028
0.000026
0.000027
0.000026
0.000027
0.000026
0.000026
0.000027
0.000025
0.000028
0.000027
0.000025
0.000024
0.000044
0.000025
0.000025
0.000024
0.000024
0.000026
0.000024
0.000024
0.000024
0.000023
0.000025
0.000024
0.000024
0.000022
0.000026
0.000024
0.000023
0.000025
0.000025
0.000024
0.000024
0.000025
0.000024
0.000024
0.000024
0.000023
0.000023
0.000036
0.000024
0.000024
0.000033
0.000026
0.000025
0.000026
0.000023
0.000028
0.000026
0.000023
0.000040
0.000023
0.000022
0.000021
0.000022
0.000022
0.000020
0.000021
0.000021
0.000021
0.000021
0.000041
0.000022
0.000020
0.000023
0.000023
0.000022
0.000025
0.000024
0.000023
0.000035
0.000022
0.000020
0.000020
0.000020
0.000020
0.000021
0.000020
0.000020
0.000021
0.000021
0.000040
0.000022
0.000022
0.000018
0.000021
0.000019
0.000019
0.000020
0.000019
0.000019
0.000019
0.000018
0.000018
0.000018
0.000020
0.000044
0.000019
0.000018
0.000020
0.000019
0.000033
0.000018
0.000018
0.000018
0.000020
0.000019
0.000018
0.000017
0.000017
0.000017
0.000019
0.000019
0.000017
0.000017
0.000017
0.000017
0.000017
0.000019
0.000018
0.000017
0.000016
0.000018
0.000017
0.000016
0.000016
0.000016
0.000016
0.000016
0.000016
0.000017
0.000016
0.000017
0.000016
0.000017
0.000015
0.000015
0.000016
0.000015
0.000015
0.000017
0.000014
0.000014
0.000016
0.000014
0.000014
0.000028
0.000015
0.000016
0.000016
0.000014
0.000016
0.000014
0.000013
0.000016
0.000015
0.000014
0.000013
0.000014
0.000013
0.000014
0.000015
0.000013
0.000013
0.000012
0.000013
0.000013
0.000011
0.000013
0.000012
0.000012
0.000013
0.000013
0.000029
0.000014
0.000011
0.000012
0.000012
0.000016
0.000011
0.000011
0.000011
0.000015
0.000018
0.000015
0.000018
0.000019
0.000017
0.000012
0.000011
0.000012
0.000039
0.000011
0.000010
0.000012
0.000011
0.000012
0.000012
0.000013
0.000010
0.000010
0.000011
0.000011
0.000011
0.000009
0.000011
0.000010
0.000010
0.000009
0.000008
0.000010
0.000011
0.000009
0.000009
0.000009
0.000010
0.000008
0.000009
0.000009
0.000008
0.000008
0.000008
0.000009
0.000008
0.000008
0.000008
0.000009
